$ANSIBLE_VAULT;1.1;AES256
62656161643834626239613138343230393462323963376532666233613562396230396462393263
3165306436336135336264303366663264626164633032620a393135343965316532326263646466
35353737373061376166313736363835376439363063613762636633653435613236633135396366
6531646631666433300a656162353863623733636636336432373335333063613033633937373334
66393666366364633934616561626139366430643362303932613061336539363834326237643233
61313564393630356238363939373039626262643565323932653137326162656261373433613035
36373536666564356265663366396461383833313037313662636330353237363733356165306130
33386461656634373932643237313732613037356330653739313064623030323034383762623365
39303262623332343434613639396166626435363561303632653434303130613338383962613731
35626135623636613866663635616237643136626235653464633065363965616165663831643662
62396239613462336638353834333466646264323563366661303038336631393162363865613964
34323865316663303763663332383937363265383236376432653034373766376430356266643661
35376437633764336331386535666134383538616337303533646436653964373361626634333534
30663036663063323664343762643732323539346438653030366631386131346139663434386163
66623261393430613531323534333939633234633234656533666438373833623335383933373164
32393263353832383861623430326339363732363833663330653161626536356132653462666464
66383366353537666337383531633062643638356564623939353334373532356634633666383166
30623361623563323633616531323065663736356330356135633965646231343634303062316237
62373534326164386163653736616132313062326132353330636533336466353862613838313363
38343036346232323132356465643437616535383032633731356234373138613136393264353334
32653635616531666138343866303332346263653566336339373766633263376334663066333165
39396334663263653361346466323266373465623435356263646166636433383333623836653665
36373362653139373939393362333534386636663831353365633130646335363531323232376131
35346633663565666534633930343239653266373832336462353534343564613466353263363532
3930
