$ANSIBLE_VAULT;1.1;AES256
63656462353661306266646266393238313036383464333464666265343333303039636238356166
3533386563303162313732633237373334613437326133630a656438323061643432313864663632
61386138396631393862323535666262623464356166336335346163383730653634306237653835
3562653365383033360a326165356463666361636232653336633462613537353137363864646132
34326138366637623761663038663565306361653565643035653832666364636631323036326132
33616438373637393238656438633332313666396638643061386535613333663661373039373138
36383966373865376161303133626665343831353937636438633635326662303832623162623938
33303335646161353239373530393561366230363866336136326663633861646462663134646331
33353838643734393962336534313530343636646164323731376166633363393938313662313663
65383837613963633430643832373366653632343735633232326437393733356439363565343938
35363061613030626536653764616437646261383432313661663637613135636131323731366462
62613432656538313135363338353039386636663261356636373231636431366235306132313832
65376361636464306265333730633839393564626161393665303162663537616430303662306237
35663537386533316634373832636635333237303961323561343431653265653733396534356265
39336166373439623235616437323365316362643366663030643530346262346334623430313337
36343566323463636261393961623933613834323461633734336462343563303763656233336564
35316166303532313837373962356662313935626530306362383330323764613337633834616139
66363939653863323266303737383337343166383930613035636430343063393031366638623966
38316232626563356134666636393865336262356334393139656631326161373063333137303936
36336239653235656230313034656161313739633736333861653466656632343865386362633837
32613762386638633232653531646330303364373666623262616162346437346239666362616233
31383363616536356635373063323461333835333162306330646135646630316337643065343233
62643333343632633639303739363366626434343536643262313561363539666263366332653965
64346631303965616133666163326136616539356662636537363731383364396539346562336164
30306430373431313832373761313261313834303563323538633065306234656562316132363665
39376533323361363133643465656335303962373730636434326430393334653633613634663066
34306135656539386231353566656433366364393832373964633964303639326138366566343762
36313362363239376265373165633636366531376630643965633936336162316532643464326161
33633830646166393931363366316262643466626330646434366464633537613539633863303561
33346437343333323333616538323764303761613336383965623665346564356161366635383131
33373136323036326263653033366631353264393863316461373761386537386334613331376361
66653630656534646131366266383665396233396432386162323935336137323230613463613335
38303630613132343530346533383934326234393164613863383537613833383866653664623466
33383666613562623036356131663864306536343738356365303062376331363431323533393164
35313735373035343035313834643963666262336233386137373730303337343537313230623861
37653963323261343261613965653633653763393561366533666438346661643434323035613065
37636164666134323437333834343365333764346334646633356365323862313936393566336438
31653936663766613466343339333763656536383163653132616132383636623132643130323066
38626265396564393234366334643234333937633130303436353735306336353836353539333666
64616536303138376232303131623039643265393530343337323039313065333737343830623133
37316665303962666664333138306434373937663833316662353231626237633562376136613435
63353933313637643636646138346233666130326434356231653839363139336237313938396462
30643036636261643230623666346631306364366339373631393365623934643837376431323235
38643465353238613837653761353561356635326435623963623563613864366664373034313339
30373438323461643538656461363464376161343039653630383833356266313236356564633966
64366134356164636434306532303332636665666432363966613037326163373032656262623339
62633734383265313239346563373334623539313461343539326262646438313132633936623837
62646533646238376231613164663634333163316236656563333037633637663638323966616665
31623934386166373964623563353435663661333664306132656632663739353934623439306533
33393862303262313439363639323863393636663936363762623062643631636564336437363863
38613730333061653834373830663331373132633564663363386431346635303839653565633732
37306338656434393464366335353262333932633737306239343036366663663133636566306235
34666261653235366135306438373630343031333165656439643034313734376262303132313730
34646362363961656336363636396235303238366132366132393935383830643564343662653033
62643065306166663538653631393264343539313134636134353530663464353030363062353966
34613636643631623630663131633733363535323130663538313533316666313032643635393830
33366233383033353334303863653165633939666437626537346632613366623038343764336462
33316231636237633234376434626266346531356435653638316138633266363731343362333836
37336539323961346666326537303965313264333163316363643432623739313264643235376166
66656639363464313235313735363539353434393063653962376334313137633264663034636237
38633935393762623561373639373035643765333632303335663366336234353433643531643837
36346531366664306334376637643162353833323464633137636233323232343035653466613730
38613265623832663436653037306435656534663661303364343039623464643364616463336332
39616232326531376165303035633666333730656366376163666133363232323966376561363036
62336632376665396361373236666163643764303732336533393836636537373962623738343333
37323966623631666564353934346337396638653432666436653732366664646563663066633033
31306631643565396336313834636439393235336534376231336331353334343239666662623231
34653031653735363962353162373863333561396639373937613838393235303863343137366366
62366436636635653634663038656530363332356334393563343130336434333135316639396363
64343134656631666537353264346130363735343062633061386330623834613533383161316538
35313161653134346434623339303235316263633861663864313833373062633730353037646635
66616431396337383964653164656233623365646236376165386466356333333566326333633039
66373138393435306439623835376561623838623062323037653637663263666263323832633663
63326261616638333965663266346466373961376136646464393466643137393861663733643935
66636661663837663039643030636663373065333733396339376364313731306133366164623838
66313739373332613733386334356230323938613166306566633162663831343739613430343135
62376134333630396565323264393733346533306231376633633333373264333430666636646166
63313436386661353332333962393764663866383664653136373531396435373038633238663936
62373236343736616165353964306465623632663766643263353030376132303130616561363030
35333466643664333036383733303733633062386662353866346162396635313265326337363537
35383265363865383763323531393735306236356466623162306334343737373665653531353665
62383065663930633239323436333766636238313536653139363536373336643734653432383036
35663662363833626239613830643662623062356335646234666232326162616562383363643239
31653937636330336632666266663737333137376161626466383264643838313537396332346330
35653962323835323265336162663938313531386231333030376133383436386137626639653435
30313738353630663233613666656466626365666263303235383166313365376331343333306136
38663535333736626633386465383663383463653164326337396666356332616233316238356364
61653064343062383534303732336337396535323534666531363164613361353636323830363838
34623362393737343934613038626362646630636437333965643733343966326462323866643363
62386639316664373961316162626130666133633261373661353962353465383461636432356438
30626435356465333236303961393064343239333065366436363230313564376630653036653339
63373563633465343763643636343339373066623061393365303634353830663839346535323334
66393038636430626264336637666638363239376432393564393862633264666565653562376664
65626132663461333831633036636130306262663564303263396532353262336138626232613566
31303738616561636635393666626236383763616338366565386236373938663166333538613739
36653635316434373561323835323338363233663132356564636366663964626464386236666161
33366161636162643631363563656537663065383136656265656562303161653634303333303062
61376164666438663931336530666632353133643039653433326233643137616366363539353239
39623637663133623431313533323131623135643264623738623064643962336339396566636431
62666462656137386461653732376337316132326136373663343733663637313233323766626437
39353466373630396661363766633165656631323962316562623239623830626536633634333261
31316338646635663137633961636366386563366339343862383764376639306236623531396266
32323537623566626633313937313430636436303132633339383932333966323462663564323030
62366461653661656438643031303466393332363737373231666332333366633830616664643065
35633262363131343837323732323364323336663661386233643431616132653037626331343064
36356431653135333632393762363134646237306236393038343036353437313361623866343662
30396137653630303534616563643261653239646565306461333036363233626664633331363839
65363164333636666262373235343634393030636132623633323738656563666634626264653134
65386534346164323638663438663866336263646133353366343739326630313230336434633235
62306437623137343832656665343665636563386333616166323336633131313963383061353661
62623530376665613831616630306231313733396232626337326331653237346462313633396330
65393330363835383165633131326538623764313135393739323330313434613936306539316464
66363939353931373234306264376461633936383230653331313737366364306535386264343363
64626132353532653164343263303730336463613966333162613230663465303730313261396162
30626365363261313061346361323365633838333534333430653636313862393035656631303261
31643939333731303931643131316362333831366537396332666333646139663965663563656232
35366431303035666137646139613966353066646465396566306630303530643036373435306461
33306236303561636638633831353764386634623937363635323562303063643631626631363334
34666461323365396332653231383437393933363030326532613033363166666262643930656161
32323730306134306538363032663935326439303639663362306339356636613638646461306362
61646561393865343839613565333237646566316636303533353333633534663135623431633738
30373735383333346365313432396134343266663432323661353634366138636431323936306334
63623763366531373732663166333832373166306561386563356364643737306461343835653463
65623365373066353766393039616330396631643235613762646661363336663961356131343836
31666131646361663535613664333565343132623665303766306166353634303362623538363035
38313334653064326639646161363866643434386461636366323665653433336163316264383937
62326230353533663064336262383430666461636462343762383130386332653535666462333637
39356135663435343433313832383036623337666135313339613836326437363534353862643138
62353632626566663331323862623335383033613662363538386437373735346339613265633533
34316663353037383734666366373062383631646333613033653436353761306636383666393539
66366636303936396264626462363938323630333663383866363863316637396334363833636234
38313236353838336135393463353136316665666265333139616231363533333162656662396534
64663135616536313864383035376664316638343231373638656433396435633263343437366131
38313437616539643562316165663436343130373235316139303065373466333835623434356364
313862386539663736356538643433326430
